4,0,0,6.6e-07,3.5451e-05
8,0,0,3.291e-06,3.832e-05
16,0,0,2.4531e-05,7.0727e-05
32,0,0,0.000197695,0.000283928
64,0,0,0.0015752,0.00182249
128,0,0,0.012867355,0.013764684
256,0,0,0.118226606,0.121308705
512,0,0,1.0442172809999999,1.053585416
1024,0,0,25.105818694,25.143935325
2048,0,0,241.495126996,241.645927985
4,0,1,5.81e-07,2.607e-05
8,0,1,2.444e-06,2.832e-05
16,0,1,1.7854e-05,5.1407e-05
32,0,1,0.000150028,0.000215142
64,0,1,0.001158447,0.001344966
128,0,1,0.009493321,0.01017026
256,0,1,0.11518914,0.117752596
512,0,1,1.061928231,1.071378608
1024,0,1,21.853557961,21.89169291
2048,0,1,243.153027077,243.30377984
4,0,2,4.57e-07,2.478e-05
8,0,2,2.403e-06,2.8118e-05
16,0,2,1.8115e-05,6.2828e-05
32,0,2,0.000149705,0.000215318
64,0,2,0.001135775,0.001323176
128,0,2,0.009380788,0.010064227
256,0,2,0.1135817,0.11621919
512,0,2,1.050611685,1.060156229
1024,0,2,22.834311089,22.872014446
2048,0,2,251.757688117,251.907847415
4,0,3,5.2e-07,2.5687e-05
8,0,3,2.435e-06,2.8594e-05
16,0,3,1.7944e-05,5.1905e-05
32,0,3,0.000149881,0.000215085
64,0,3,0.001182846,0.001368989
128,0,3,0.009634896,0.010317179
256,0,3,0.110819706,0.113358347
512,0,3,1.043671943,1.053119899
1024,0,3,21.460604389,21.498646872
2048,0,3,246.104606032,246.267947573
4,0,4,5.2e-07,2.5302e-05
8,0,4,2.442e-06,2.8201e-05
16,0,4,1.7931e-05,5.1808e-05
32,0,4,0.0001472,0.000211765
64,0,4,0.001158079,0.00134497
128,0,4,0.009648493,0.01033212
256,0,4,0.112389402,0.114828386
512,0,4,1.033063445,1.042567065
1024,0,4,22.735496739,22.773408774
2048,0,4,248.619186947,248.769189213
