           1   1.00000000       6.88386250       1.13273039E-03   3.36560607E-02
           2   1.41421354       6.89349174       4.10859007E-04   2.02696584E-02
           3   1.73205078       6.97724199       1.11602002E-03   3.34068835E-02
           4   2.00000000       6.93892241       9.75826697E-04   3.12382244E-02
           5   2.23606801       6.94987774       9.91999987E-05   9.95830353E-03
           6   2.44948983       7.02637672       1.18140713E-03   3.43716033E-02
           7   2.64575124       7.09029245       2.68809090E-04   1.63953975E-02
           8   2.82842708       7.09665680       1.89211674E-03   4.34984677E-02
           9   3.00000000       7.02708006       3.80752695E-04   1.95128862E-02
          10   3.16227770       7.03775930       1.15707808E-03   3.40158492E-02
          11   3.31662488       6.94460630       1.15252496E-03   3.39488573E-02
          12   3.46410155       6.92909861       1.09533523E-03   3.30958478E-02
          13   3.60555124       6.92207766       2.05884711E-03   4.53745201E-02
          14   3.74165750       6.89896679       8.15145497E-04   2.85507534E-02
          15   3.87298346       7.00550413       3.87679203E-04   1.96895711E-02
          16   4.00000000       7.07473135       3.66758293E-04   1.91509351E-02
          17   4.12310553       7.02696896       9.00425075E-04   3.00070848E-02
          18   4.24264050       6.86337948       2.47179880E-03   4.97171879E-02
          19   4.35889912       6.85277224       9.28215100E-04   3.04666236E-02
          20   4.47213602       6.76937342       6.33472577E-04   2.51688808E-02
          21   4.58257580       6.80035830       9.50127374E-04   3.08241360E-02
          22   4.69041586       6.72757673       3.08500195E-04   1.75641738E-02
          23   4.79583168       6.74103117       6.26923516E-04   2.50384398E-02
          24   4.89897966       6.74855661       6.34727592E-04   2.51938011E-02
          25   5.00000000       6.85354519       8.18967703E-04   2.86176130E-02
          26   5.09901953       6.85885859       3.08320188E-04   1.75590497E-02
          27   5.19615221       6.96669817       1.95903893E-04   1.39965676E-02
          28   5.29150248       6.90151596       9.99472570E-04   3.16144377E-02
          29   5.38516474       7.01032925       2.81789992E-03   5.30838966E-02
          30   5.47722578       7.06021881       5.35201980E-04   2.31344327E-02
          31   5.56776428       7.16575813       1.50814455E-03   3.88348363E-02
          32   5.65685415       7.20272636       9.58397693E-04   3.09579987E-02
          33   5.74456263       7.23321199       1.98056805E-04   1.40732666E-02
          34   5.83095169       7.26785326       1.10819261E-03   3.32895257E-02
          35   5.91608000       7.21852970       4.89867118E-04   2.21329425E-02
          36   6.00000000       7.26969528       3.55224591E-04   1.88474022E-02
          37   6.08276272       7.38253212       1.84088203E-04   1.35679115E-02
          38   6.16441393       7.42983341       1.26113498E-03   3.55124623E-02
          39   6.24499798       7.38064384       1.28077646E-03   3.57879363E-02
          40   6.32455540       7.29091644       2.84921494E-03   5.33780381E-02
          41   6.40312433       7.17899466       1.61926216E-03   4.02400568E-02
          42   6.48074055       7.28019333       6.59835001E-04   2.56872531E-02
          43   6.55743837       7.27448940       3.14502325E-03   5.60805053E-02
          44   6.63324976       7.20836163       3.93381604E-04   1.98338497E-02
          45   6.70820379       7.22197008       3.05765192E-03   5.52960411E-02
          46   6.78233004       7.09053755       1.72303419E-03   4.15094458E-02
          47   6.85565472       7.12321615       2.46887212E-04   1.57126449E-02
          48   6.92820311       7.16306448       8.77497019E-04   2.96225753E-02
          49   7.00000000       7.18272209       7.12473295E-04   2.66921967E-02
          50   7.07106781       7.22369909       5.20941801E-04   2.28241496E-02
          51   7.14142847       7.10095406       2.19117571E-03   4.68099937E-02
          52   7.21110249       7.01727962       1.20940467E-03   3.47764976E-02
          53   7.28010988       7.05553341       3.15765588E-04   1.77697968E-02
          54   7.34846926       7.00939226       3.13080702E-04   1.76940858E-02
          55   7.41619825       6.98271227       2.58475891E-04   1.60771850E-02
          56   7.48331499       6.97447491       2.58000000E-05   5.07873809E-03
          57   7.54983425       6.85298014       5.74280322E-03   7.57812858E-02
          58   7.61577320       6.86004114       1.08735892E-03   3.29751261E-02
          59   7.68114567       6.93837881       1.00820896E-03   3.17523070E-02
          60   7.74596691       6.98050880       7.60587223E-04   2.75787450E-02
          61   7.81024981       6.99126101       1.95609493E-04   1.39860455E-02
          62   7.87400770       7.03674889       8.56117113E-04   2.92594787E-02
          63   7.93725395       7.05544901       3.05240101E-04   1.74711216E-02
          64   8.00000000       7.02157116       3.45709210E-04   1.85932554E-02
          65   8.06225777       6.98405409       9.56565316E-04   3.09283901E-02
          66   8.12403870       6.97145367       2.36797903E-04   1.53882382E-02
          67   8.18535233       6.94114208       1.45852647E-03   3.81906591E-02
          68   8.24621105       6.88498402       2.32980106E-04   1.52636869E-02
          69   8.30662346       6.89466572       2.47161806E-04   1.57213807E-02
          70   8.36660004       6.86172485       2.17810593E-04   1.47584062E-02
          71   8.42614937       6.89940405       1.15863013E-03   3.40386555E-02
          72   8.48528099       6.97908258       2.10713799E-04   1.45159839E-02
          73   8.54400349       6.97848511       3.54382209E-04   1.88250430E-02
          74   8.60232544       6.96205664       6.50000002E-05   8.06178059E-03
          75   8.66025448       6.92381763       3.59425903E-04   1.89585295E-02
          76   8.71779823       6.87157202       1.26406853E-03   3.55537385E-02
          77   8.77496433       6.87003994       4.35472612E-04   2.08679810E-02
          78   8.83176041       6.97353792       1.11034838E-03   3.33218910E-02
          79   8.88819408       7.04736662       3.20113293E-04   1.78917106E-02
          80   8.94427204       7.13882256       1.87337003E-03   4.32824455E-02
          81   9.00000000       7.22153187       6.56732707E-04   2.56267954E-02
          82   9.05538559       7.31700182       5.61565801E-04   2.36973781E-02
          83   9.11043358       7.36503267       3.24518798E-04   1.80144049E-02
          84   9.16515160       7.46073961       1.85709877E-03   4.30940688E-02
          85   9.21954441       7.55230093       9.32566181E-04   3.05379461E-02
          86   9.27361870       7.52184963       7.43233308E-04   2.72623058E-02
          87   9.32737923       7.48352432       1.26814551E-03   3.56110297E-02
          88   9.38083172       7.52200079       1.98982802E-04   1.41061256E-02
          89   9.43398094       7.39973783       5.69672976E-03   7.54766837E-02
          90   9.48683262       7.31713152       3.16222489E-04   1.77826453E-02
          91   9.53939247       7.35739374       4.31175606E-04   2.07647681E-02
          92   9.59166336       7.38718605       1.79439099E-04   1.33954883E-02
          93   9.64365101       7.43335438       5.74075500E-04   2.39598732E-02
          94   9.69536018       7.49271059       7.74000000E-05   8.80027376E-03
          95   9.74679470       7.53560209       3.86650587E-04   1.96634326E-02
          96   9.79795933       7.61166430       2.99912412E-04   1.73179805E-02
          97   9.84885788       7.58928633       9.29412898E-04   3.04862745E-02
          98   9.89949512       7.63401222       5.76999992E-05   7.59469438E-03
          99   9.94987392       7.64750719       7.80302915E-04   2.79339030E-02
         100   10.0000000       7.59403896       7.79430382E-04   2.79182810E-02
         101   10.0498753       7.60177660       5.26915072E-04   2.29546316E-02
         102   10.0995045       7.66567373       4.26721497E-04   2.06572395E-02
         103   10.1488914       7.71259928       3.16234306E-04   1.77829769E-02
         104   10.1980391       7.76533270       1.00756697E-04   1.00377658E-02
         105   10.2469511       7.82838011       6.74547104E-04   2.59720441E-02
         106   10.2956305       7.81790447       1.67389133E-03   4.09132168E-02
         107   10.3440800       7.85285759       1.23771129E-03   3.51811200E-02
         108   10.3923044       7.92732191       4.47686994E-04   2.11586170E-02
         109   10.4403067       7.96978331       3.11376207E-04   1.76458564E-02
         110   10.4880886       8.01272011       1.34777307E-04   1.16093624E-02
         111   10.5356541       8.08186722       6.76908705E-04   2.60174684E-02
         112   10.5830050       8.15865993       3.21284606E-04   1.79244149E-02
         113   10.6301460       8.14000607       4.96793864E-03   7.04836026E-02
         114   10.6770782       7.97663498       1.93953700E-03   4.40401733E-02
         115   10.7238054       8.03627396       6.73476374E-04   2.59514246E-02
         116   10.7703295       8.10297871       7.80658389E-04   2.79402658E-02
         117   10.8166542       8.15812588       2.83557602E-04   1.68391690E-02
         118   10.8627806       8.20211983       4.11276211E-04   2.02799439E-02
         119   10.9087124       8.26051331       2.74465012E-04   1.65669862E-02
         120   10.9544516       8.27108574       5.08637400E-04   2.25529913E-02
         121   11.0000000       8.30308723       3.73876304E-04   1.93358809E-02
         122   11.0453606       8.31428146       9.83004342E-04   3.13529000E-02
         123   11.0905361       8.22421837       4.96072229E-04   2.22726781E-02
         124   11.1355286       8.27994061       1.69063988E-03   4.11173925E-02
         125   11.1803398       8.33894634       3.39818012E-04   1.84341539E-02
         126   11.2249718       8.34800243       2.05645396E-04   1.43403402E-02
         127   11.2694273       8.40585995       4.36623493E-04   2.08955389E-02
         128   11.3137083       8.36632538       7.25662801E-04   2.69381292E-02
         129   11.3578167       8.44582748       1.83618406E-03   4.28507179E-02
         130   11.4017544       8.60352612       2.11116392E-03   4.59474064E-02
         131   11.4455233       8.65647030       4.74066910E-04   2.17730775E-02
         132   11.4891253       8.69317818       4.94728098E-04   2.22424846E-02
         133   11.5325623       8.65435028       7.51364557E-03   8.66812840E-02
         134   11.5758371       8.55621243       1.01306976E-03   3.18287574E-02
         135   11.6189499       8.46956539       8.67160386E-04   2.94475872E-02
         136   11.6619034       8.49680138       1.15374965E-03   3.39668877E-02
         137   11.7046995       8.52263832       5.42084628E-04   2.32827086E-02
         138   11.7473402       8.40279865       1.92678999E-03   4.38952148E-02
         139   11.7898264       8.32378483       1.87831034E-03   4.33394797E-02
         140   11.8321600       8.39296532       5.53530699E-04   2.35272348E-02
         141   11.8743420       8.34340763       2.04833830E-03   4.52585742E-02
         142   11.9163752       8.06629944       1.57825407E-02  0.125628591    
         143   11.9582605       7.94793844       3.54923378E-03   5.95754460E-02
         144   12.0000000       7.97000122       2.04953714E-03   4.52718139E-02
         145   12.0415945       7.95561361       1.95897929E-03   4.42603603E-02
         146   12.0830460       7.94391298       5.91775810E-04   2.43264437E-02
         147   12.1243553       7.93637085       3.61461076E-03   6.01216331E-02
         148   12.1655254       8.11915016       1.00511010E-03   3.17034721E-02
         149   12.2065554       8.28008461       6.79622777E-03   8.24392363E-02
         150   12.2474489       8.39710999       9.64991399E-04   3.10643110E-02
         151   12.2882061       8.37526608       2.16678018E-03   4.65486869E-02
         152   12.3288279       8.42721081       6.02558197E-04   2.45470610E-02
         153   12.3693171       8.48821449       8.78067280E-04   2.96322014E-02
         154   12.4096737       8.51571178       6.08192582E-04   2.46615596E-02
         155   12.4498997       8.50743771       8.49976728E-04   2.91543584E-02
         156   12.4899960       8.53685665       1.78527203E-04   1.33614065E-02
         157   12.5299644       8.54754734       8.33055878E-04   2.88627073E-02
         158   12.5698051       8.48450947       1.44669306E-04   1.20278560E-02
         159   12.6095200       8.55208397       2.38115404E-04   1.54309897E-02
         160   12.6491108       8.57442665       9.03999971E-05   9.50629916E-03
         161   12.6885777       8.52750683       4.51002008E-04   2.12368090E-02
         162   12.7279224       8.55376720       5.87786606E-04   2.42443103E-02
         163   12.7671452       8.58659267       1.58382201E-04   1.25849973E-02
         164   12.8062487       8.60466862       5.89000010E-05   7.67598394E-03
         165   12.8452330       8.66698265       1.22436346E-03   3.49909067E-02
         166   12.8840990       8.71534824       1.15379400E-04   1.07414806E-02
         167   12.9228477       8.70827198       8.46275012E-04   2.90908068E-02
         168   12.9614811       8.69464016       1.66559199E-04   1.29057830E-02
         169   13.0000000       8.66210842       1.03124836E-03   3.21130566E-02
         170   13.0384045       8.59416962       3.08837392E-04   1.75737701E-02
         171   13.0766964       8.61921978       4.85815603E-04   2.20412239E-02
         172   13.1148767       8.67228127       9.88000029E-05   9.94095486E-03
         173   13.1529465       8.61098289       2.01592004E-04   1.41983079E-02
         174   13.1909056       8.60731792       3.96655902E-04   1.99162234E-02
         175   13.2287569       8.62985611       1.13548100E-04   1.06558958E-02
         176   13.2664995       8.53161240       1.61340216E-03   4.01671790E-02
         177   13.3041344       8.52015305       3.02059809E-04   1.73798688E-02
         178   13.3416643       8.52862358       1.00500602E-03   3.17018293E-02
         179   13.3790884       8.51716137       1.77305820E-03   4.21076976E-02
         180   13.4164076       8.47223377       9.08185088E-04   3.01361084E-02
         181   13.4536238       8.50050163       1.12838694E-03   3.35914716E-02
         182   13.4907379       8.59567356       3.25608213E-04   1.80446170E-02
         183   13.5277491       8.57507038       2.11586201E-04   1.45460041E-02
         184   13.5646601       8.56724453       9.49000023E-05   9.74064413E-03
         185   13.6014709       8.51026154       4.17589094E-04   2.04349980E-02
         186   13.6381817       8.53170395       4.48468199E-04   2.11770665E-02
         187   13.6747942       8.56051922       2.37618195E-04   1.54148694E-02
         188   13.7113094       8.58099365       1.21980003E-04   1.10444566E-02
         189   13.7477274       8.60935974       9.24068678E-04   3.03984974E-02
         190   13.7840490       8.64619827       5.41000009E-05   7.35663669E-03
         191   13.8202753       8.64454269       1.93893997E-04   1.39245838E-02
         192   13.8564062       8.68116474       1.73000008E-05   4.15496668E-03
         193   13.8924437       8.70333958       4.17000010E-05   6.45733299E-03
         194   13.9283886       8.68154049       1.59811098E-04   1.26416432E-02
         195   13.9642401       8.66238213       3.35709687E-04   1.83223840E-02
         196   14.0000000       8.64787292       6.12070900E-04   2.47400664E-02
         197   14.0356684       8.71014118       1.39050593E-04   1.17919696E-02
         198   14.0712471       8.66232014       3.97792493E-04   1.99447349E-02
         199   14.1067362       8.68413544       2.74493388E-04   1.65678412E-02
         200   14.1421356       8.61407089       6.57072407E-04   2.56334245E-02
         201   14.1774473       8.66466618       1.03385723E-03   3.21536511E-02
         202   14.2126703       8.71315384       4.87613288E-04   2.20819674E-02
         203   14.2478065       8.72066116       2.56627507E-04   1.60195976E-02
         204   14.2828569       8.73978519       1.00590900E-04   1.00295013E-02
         205   14.3178215       8.73594666       1.74311397E-04   1.32027054E-02
         206   14.3527002       8.71575165       1.71862499E-04   1.31096328E-02
         207   14.3874950       8.78062248       3.24973196E-04   1.80270132E-02
         208   14.4222050       8.81797409       4.97000001E-05   7.05060270E-03
         209   14.4568319       8.86483574       1.28904090E-03   3.59032154E-02
         210   14.4913769       8.92829514       1.18447999E-04   1.08833835E-02
         211   14.5258389       8.94585609       1.94006803E-04   1.39286323E-02
         212   14.5602198       8.96012974       2.53478793E-04   1.59210172E-02
         213   14.5945196       8.99382210       8.68999996E-05   9.32251383E-03
         214   14.6287384       8.98117256       2.90716795E-04   1.70504209E-02
         215   14.6628780       9.03797913       7.31999971E-05   8.55283253E-03
         216   14.6969385       9.02502918       3.40007799E-04   1.84393004E-02
         217   14.7309198       9.04941368       9.90257482E-04   3.14683579E-02
         218   14.7648230       9.07679367       1.30537795E-04   1.14253145E-02
         219   14.7986488       9.06672096       4.36523987E-04   2.08931565E-02
         220   14.8323965       9.05033493       6.15655386E-04   2.48124041E-02
         221   14.8660688       9.02401829       1.80373099E-04   1.34303067E-02
         222   14.8996649       9.01118374       3.39936203E-04   1.84373595E-02
         223   14.9331846       9.04534817       1.20224700E-04   1.09647028E-02
         224   14.9666300       9.02465820       1.10454683E-03   3.32347229E-02
         225   15.0000000       8.96370125       1.70622399E-04   1.30622527E-02
         226   15.0332966       9.00845909       9.94000002E-05   9.97196324E-03
         227   15.0665188       8.97298145       1.40212796E-04   1.18411509E-02
         228   15.0996685       8.96212292       1.88662598E-04   1.37354517E-02
         229   15.1327457       8.92718029       4.99921618E-04   2.23589260E-02
         230   15.1657505       8.88150311       6.27042493E-04   2.50408165E-02
         231   15.1986837       8.92916965       2.91792589E-04   1.70819387E-02
         232   15.2315464       8.95998955       3.19424900E-04   1.78724639E-02
         233   15.2643375       8.97088623       3.23883403E-04   1.79967601E-02
         234   15.2970581       9.01078987       5.03000010E-05   7.09407544E-03
         235   15.3297100       9.04840088       1.61187199E-04   1.26959514E-02
         236   15.3622913       9.06418419       4.59000003E-05   6.77749328E-03
         237   15.3948040       9.08055305       1.14875700E-04   1.07180076E-02
         238   15.4272490       9.06722260       5.29999998E-05   7.27992179E-03
         239   15.4596252       9.01771259       6.92669128E-04   2.63186079E-02
         240   15.4919338       9.00129128       1.16800002E-04   1.08074071E-02
         241   15.5241747       9.03420830       2.70571996E-04   1.64490733E-02
         242   15.5563488       9.08399105       6.05999994E-05   7.78551959E-03
         243   15.5884571       9.11013889       1.12737704E-04   1.06178001E-02
         244   15.6204996       9.12850571       7.06999999E-05   8.40555225E-03
